-1
-1
-1
-1
-1
-1
110242938092
-1
-1
53148967984
134987659365
-1
46100880573
12398964915
6307118004
75900282255
61716394660
-1
4700779006
30473223398
151116461400
-1
2296094724
-1
-1
-1
111954777533
67302194927
-1
93600773602
33346558500
32111343702
132558960082
76646739060
5035809720
-1
-1
9294937596
-1
-1
-1
280617703870
-1
-1
-1
423245172448
53323202163
66516737252
96176061468
4728085095
59535674476
234086069961
-1
-1
4284779957
86099623492
27173759256
126851713239
-1
13862971639
-1
-1
13582991749
-1
96345924133
-1
-1
-1
101348653848
-1
70379201408
-1
-1
-1
-1
-1
118073677303
-1
117201553632
-1
188650677632
-1
26719454263
318139448259
77451228064
35325498008
11173211584
4703394850
-1
-1
9851718555
-1
-1
135235746059
48932190241
-1
13568590035
-1
-1
-1
113009413497
45003263052
20423407774
-1
81085365652
15711954900
-1
4205600619
130156199734
-1
-1
-1
56477238174
-1
32413330628
-1
31678060908
243859188149
-1
-1
-1
-1
-1
25239101692
57890773220
-1
-1
-1
-1
-1
135641340252
-1
45506360682
-1
-1
25456051656
-1
-1
-1
6664723780
67272325483
-1
-1
326318584462
241990892487
179363771986
-1
-1
-1
-1
-1
-1
132081242226
-1
-1
7559322696
180933874266
199230171114
75958128533
233087810428
123998366121
-1
45524764494
-1
127468512588
17539440544
-1
-1
200446688487
-1
-1
246204733468
-1
1835415990
-1
-1
-1
7377055116
-1
-1
139326879775
20316703229
106875373473
78922463053
1114632000
-1
247103499905
268887535620
-1
-1
119271183816
74991136644
-1
-1
-1
89688207285
-1
254028502490
35926631838
-1
79537134649
58425901862
-1
-1
235702788102
17674341121
-1
12333013472
-1
-1
41980322660
153799588336
47462868987
65169303346
174790403186
-1
68377970304
255866041288
13723532884
-1
-1
30442925790
-1
-1
-1
-1
158666050844
-1
5486192998
107119986484
648170118
324919310027
-1
194071370540
3595416908
-1
-1
-1
24738516608
266213479180
-1
79015729972
5626630944
-1
202856894265
362668560655
-1
-1
-1
-1
2645229041
239973640981
58168355995
-1
99793559936
59052409559
7102425760
-1
120782344516
-1
-1
-1
-1
-1
208550120693
1099232148
-1
162894287657
10015909476
236624015710
28741707994
3905141792
33698252284
-1
720406772718
-1
201867556760
105864804078
-1
-1
-1
-1
-1
119255469166
-1
-1
-1
-1
-1
-1
34810493526
143816310856
-1
-1
-1
242210573676
199307757603
-1
118922470262
33971888108
-1
62223663886
-1
-1
139705732647
113251449172
45371890855
19315004336
-1
-1
27590353626
9706290
176339463262
314352293281
-1
5078928420
-1
95496480357
386484068166
-1
196359605918
-1
37921611976
-1
-1
314610451934
-1
374789432770
48605339885
23770774472
38205134534
10421216938
75443873085
249742389911
-1
46890136256
2225337933
265993520647
7773692700
-1
240385260178
6154028703
20084745450
63070907350
27551396640
-1
-1
78119241488
-1
-1
-1
266807403030
-1
-1
-1
62950208184
220644530478
16050657018
5305398600
-1
279779280553
38016682970
214675514928
47226185160
-1
67886264250
355506450
144439896393
368181940410
144843590664
91655257813
27637027695
48099897256
97395550319
116188898388
2888245974
-1
-1
-1
79210822089
513011416901
-1
-1
9201422478
81769782528
-1
-1
-1
-1
-1
48785053428
-1
-1
14460156305
24575404225
-1
7622167260
-1
-1
179328181710
202785326166
-1
-1
34779606454
1990684424
-1
57209406668
89757121782
85735065853
149307000
-1
-1
-1
-1
924309904
-1
-1
-1
-1
232937706425
-1
-1
40072322624
-1
-1
-1
-1
-1
-1
-1
610591372715
10026414024
-1
36366793218
514536363836
59455981148
-1
-1
-1
-1
99613006854
-1
-1
-1
-1
345135093221
33360604372
269095337935
6802894673
27597503555
-1
-1
85090312004
91354087571
30055841543
233675980928
-1
95797606414
33738160290
160284517870
-1
-1
-1
33725527868
-1
49982903751
-1
-1
102562443088
-1
-1
98054836055
186091671996
-1
49350625194
-1
-1
49815688353
250036809250
72939348215
76569059880
-1
94322051389
58390029152
183444591399
-1
38715119390
-1
162878877661
-1
-1
13606744019
-1
-1
4234780660
69688863090
5795541129
-1
-1
-1
29394083922
124635534789
-1
5513737525
-1
-1
57475846111
40685878670
49734450711
-1
337053696220
-1
284416849490
-1
-1
2864478673
32124978152
21642275396
54524427680
306149817843
142222996370
-1
-1
-1
-1
54904421874
54067505420
-1
77299733594
129891547220
-1
-1
-1
9098789232
88748540634
-1
-1
-1
32911243379
-1
-1
303805070941
-1
4997540682
-1
-1
-1
190238042316
23168353338
10762571219
-1
22234015962
110362518777
-1
-1
-1
121885056724
53053848990
-1
66657937262
138783230736
202028781850
-1
354447201351
-1
-1
-1
-1
-1
-1
34690059012
170138721174
-1
265976622449
45885547920
80668591180
12530430374
-1
83483774386
-1
-1
-1
3039834384
-1
34803854694
-1
-1
-1
-1
427762096043
-1
-1
-1
-1
256125082704
44108327680
-1
-1
29549677248
-1
-1
86041161472
-1
13389336772
186484661286
-1
-1
-1
9419446411
574842312
-1
210232119564
-1
28890072750
-1
60220305850
7879718077
-1
256322894992
-1
201775567310
66307170782
-1
-1
-1
-1
-1
-1
-1
-1
106020128872
-1
15025332052
114538328436
270194693765
74102306625
67808091720
-1
212427605338
52271263774
36350868664
-1
292221216
-1
313996697910
-1
-1
104082843072
-1
-1
-1
189485319834
-1
-1
-1
12595857429
-1
30173375664
-1
16512526954
-1
154287216836
3268659360
-1
-1
5330115474
-1
313278104
36274030812
86017405680
-1
-1
-1
-1
-1
257445087476
99719730389
-1
-1
136420898764
814309440
-1
-1
9092725998
5765173271
220100912484
-1
-1
-1
-1
3746435438
-1
-1
-1
-1
-1
-1
-1
192581902701
-1
-1
-1
210145529495
5530622958
-1
-1
-1
-1
-1
-1
-1
-1
458495948606
-1
-1
176797640106
-1
-1
167047743776
60995866
-1
-1
-1
234482579300
-1
-1
20579026900
3036141540
-1
199230039842
162288963553
52374583902
101899942131
-1
21208432250
-1
-1
-1
69787619190
-1
89877329884
-1
39523164054
-1
316577262051
-1
380782403998
40947369429
-1
-1
-1
-1
221046810836
302651916184
61312698225
57656982076
-1
-1
54234496459
9955848762
20715231987
156798170066
-1
-1
-1
-1
7150363280
5286798528
73419555176
-1
-1
-1
-1
41606305090
296228920829
155553863940
33557283038
2615521725
-1
71396374860
31683488140
-1
2595826490
292900392590
-1
87985427760
13792826428
386549910978
63520739412
113521721775
1751010750
16930010032
33690717755
1593308066
-1
20494984020
-1
34350055272
251873440788
-1
-1
-1
24783966
46110405120
-1
32741646720
351552363090
68245471763
95822841858
-1
-1
-1
-1
-1
2174337143
-1
89717408704
35051738400
-1
-1
49247877417
-1
-1
20497988862
-1
-1
-1
85747408661
-1
26879351634
-1
-1
12826308220
-1
29509363515
59207129852
-1
-1
-1
-1
8656978825
-1
6196772365
-1
75662526940
-1
39919421235
71452940265
-1
-1
145997248080
39240238260
59673566495
-1
-1
21872919520
258638337642
-1
-1
-1
47223157080
-1
-1
215646808660
185698053168
-1
52643002345
123875815817
103621422744
445877964746
9724659165
-1
-1
-1
7111575932
-1
6800379784
116436410100
60458064543
11649633435
-1
-1
-1
39168314500
-1
-1
42032617440
32526567834
110114909115
-1
80659385826
78215156670
-1
5869025154
-1
71043639475
-1
-1
-1
22457814037
4900979160
88905067344
-1
-1
79404379322
24817134582
-1
153522041610
155736623555
23580325182
34767150033
-1
17377130447
-1
37561638384
-1
-1
-1
-1
-1
68364584105
-1
232359079305
397542372154
34684016900
-1
32795081576
41097085764
1474645410
10604360223
33998050627
56786381541
198467310821
-1
3399910800
-1
-1
-1
-1
124763743125
21916377296
-1
43966235022
107991502360
-1
38721242902
-1
1768323102
-1
-1
24996153894
-1
-1
2133918124
136940432949
-1
894749373
-1
213682368
-1
-1
-1
-1
73649345978
55366649100
-1
14154046764
58974407359
110145369240
763982388511
41581211748
-1
-1
-1
-1
-1
-1
-1
-1
83617226510
-1
-1
-1
370585773508
-1
37194440064
25360249407
-1
170158502648
34251421056
-1
-1
100283334640
-1
166411513372
23629873135
-1
29418358774
-1
-1
