147868380
448434480
809205012
0
69928744
229247964
113693568
116318565
68599239
481932619
20615760
168007456
981579960
304202023
13817232
264158912
496199
22737390
54043144
628740324
623203344
38503045
128432850
15539870
515805728
44982824
231392499
230851257
41172415
106170116
11466960
518835807
831488466
108854632
698007674
33720320
304278789
60701728
72344155
215545995
545660692
479965828
43006005
984912
175261872
16344704
230558643
29828200
790700668
13237960
31398388
151809280
51208332
11785440
800624876
42550164
90856808
141116040
130557351
16793154
376044570
1080941056
526571227
242490441
170134360
214476420
188728176
276160256
79272780
690129820
214905960
255666252
16891872
408588331
159373555
30177725
739928162
307786320
54196772
513847152
364060326
193278240
120645856
329508883
336774917
444776787
10035544
94379875
59708796
254627640
132078945
300284160
234748864
73172448
94003572
726496032
80893140
120808750
400685012
771447246
